user_id: [[6]], movie_id_count: [[1]], movie_ids: [[ 882]
 [ 841]
 [1641]
 [ 523]
 [ 258]
 [ 315]
 [ 586]
 [ 601]
 [2767]
 [1167]
 [1174]
 [1183]
 [ 904]
 [1169]
 [ 892]
 [ 893]
 [1863]
 [ 899]
 [1071]], genres: [[ 9]
 [16]
 [ 7]
 [ 9]
 [ 9]
 [16]
 [ 9]
 [19]
 [ 2]
 [ 3]
 [17]
 [ 7]
 [ 9]
 [ 7]
 [12]
 [18]
 [ 6]
 [ 7]
 [ 9]
 [18]
 [ 9]
 [16]
 [ 2]
 [ 3]
 [17]
 [ 9]
 [ 7]
 [ 9]
 [ 3]
 [ 9]
 [17]
 [ 2]
 [ 3]
 [ 9]
 [16]
 [11]
 [15]
 [ 9]
 [14]
 [ 3]
 [ 5]
 [10]
 [14]
 [ 5]
 [ 9]
 [17]], search_terms: [[50389]
 [  968]
 [10263]
 [ 8259]
 [20445]
 [58863]
 [18916]
 [66212]
 [63819]
 [ 9384]
 [45278]
 [20555]
 [39349]
 [18846]
 [39990]
 [53832]
 [ 2816]
 [62617]
 [42691]]
